Osszeg: 16.630000
LN: 6.300000
LK: -2.800000
