Osszeg: 1.630001
LN: 2.700000
LK: -2.800000
